-1 -1 10 5 10 1 
1 -1 10 5 5 1 
1 -1 1 5 1 5 
-1 -1 -1 -1 -1 -1 
10 10 5 -1 5 1 
1 1 10 -1 1 1 
sx=5,sy=1,now=10

1 1 0 0 0 0 
0 1 0 0 0 0 
0 1 0 0 0 0 
1 1 1 1 1 1 
1 0 0 1 0 0 
0 0 0 1 0 0 

-1 -1 10 5 10 1 
1 -1 10 5 5 1 
1 -1 1 5 1 5 
-1 -1 -1 -1 -1 -1 
10 10 5 -1 5 1 
1 1 10 -1 1 1 
x=5,y=1,now=10

1 1 0 0 0 0 
0 1 0 0 0 0 
0 1 0 0 0 0 
1 1 1 1 1 1 
1 1 0 1 0 0 
0 0 0 1 0 0 

-1 -1 10 5 10 1 
1 -1 10 5 5 1 
1 -1 1 5 1 5 
-1 -1 -1 -1 -1 -1 
10 10 5 -1 5 1 
1 1 10 -1 1 1 
x=5,y=2,now=20

1 1 0 0 0 0 
0 1 0 0 0 0 
0 1 0 0 0 0 
1 1 1 1 1 1 
1 1 1 1 0 0 
0 0 0 1 0 0 

-1 -1 10 5 10 1 
1 -1 10 5 5 1 
1 -1 1 5 1 5 
-1 -1 -1 -1 -1 -1 
10 10 5 -1 5 1 
1 1 10 -1 1 1 
x=5,y=3,now=25

1 1 0 0 0 0 
0 1 0 0 0 0 
0 1 0 0 0 0 
1 1 1 1 1 1 
1 1 1 1 0 0 
0 0 1 1 0 0 

-1 -1 10 5 10 1 
1 -1 10 5 5 1 
1 -1 1 5 1 5 
-1 -1 -1 -1 -1 -1 
10 10 5 -1 5 1 
1 1 10 -1 1 1 
x=6,y=3,now=35

1 1 0 0 0 0 
0 1 0 0 0 0 
0 1 0 0 0 0 
1 1 1 1 1 1 
1 1 1 1 0 0 
0 1 1 1 0 0 

-1 -1 10 5 10 1 
1 -1 10 5 5 1 
1 -1 1 5 1 5 
-1 -1 -1 -1 -1 -1 
10 10 5 -1 5 1 
1 1 10 -1 1 1 
x=6,y=2,now=36

1 1 0 0 0 0 
0 1 0 0 0 0 
0 1 0 0 0 0 
1 1 1 1 1 1 
1 1 1 1 0 0 
1 1 1 1 0 0 

-1 -1 10 5 10 1 
1 -1 10 5 5 1 
1 -1 1 5 1 5 
-1 -1 -1 -1 -1 -1 
10 10 5 -1 5 1 
1 1 10 -1 1 1 
x=6,y=1,now=37

