143 1380 98
1 90 96
1 139 80
1 6 9
1 65 19
1 134 97
1 78 84
1 81 32
1 15 38
1 72 66
1 27 46
1 52 9
1 139 19
1 122 12
1 12 80
2 12 41
2 84 14
2 135 94
2 136 54
2 20 11
2 132 32
2 60 54
2 47 98
2 65 49
2 79 16
2 78 38
2 20 68
2 100 75
2 132 35
2 103 91
2 31 80
2 5 48
2 142 52
2 79 44
2 37 10
2 84 33
2 67 28
2 5 8
2 137 86
2 45 33
2 47 83
2 68 72
3 46 88
3 45 91
3 116 82
3 120 82
3 124 22
3 59 59
3 52 54
3 45 44
3 101 29
3 136 15
3 31 87
3 92 47
3 135 51
3 13 92
3 14 73
3 8 34
3 49 52
3 90 4
4 62 100
4 99 59
4 92 72
4 115 35
4 77 33
4 43 16
4 50 73
4 122 26
4 139 18
4 114 35
4 140 63
4 31 82
4 142 27
4 47 78
4 53 54
4 131 99
4 138 31
4 67 43
4 78 33
4 42 77
5 57 25
5 132 38
5 121 98
5 73 7
5 31 58
5 41 82
5 68 96
5 140 48
5 6 44
5 122 86
5 65 91
5 72 79
5 10 44
5 129 79
5 56 15
5 48 94
6 74 67
6 58 78
6 141 49
6 33 38
6 71 35
6 15 33
6 84 35
6 135 43
6 91 10
6 60 62
6 141 27
6 73 12
6 36 54
7 71 96
7 26 83
7 15 9
7 118 7
7 97 9
7 80 94
7 49 40
7 12 27
7 94 34
7 112 12
7 103 25
7 22 30
7 24 47
7 117 74
7 116 47
7 57 89
7 114 4
7 100 6
7 74 88
7 61 18
8 87 50
8 98 84
8 82 55
8 120 57
8 39 14
8 29 12
8 85 22
8 69 71
8 76 41
8 139 21
8 97 64
8 89 12
8 103 20
8 31 69
9 78 47
9 131 13
9 30 72
9 132 82
9 53 26
9 104 79
9 59 56
9 99 100
9 77 90
9 105 10
10 43 56
10 47 47
10 19 33
10 115 32
10 91 11
10 17 36
10 102 85
10 141 10
10 74 1
10 16 11
10 43 32
10 139 14
10 95 86
10 17 40
10 119 57
10 70 96
11 86 77
11 126 40
11 76 56
11 52 62
11 75 5
11 127 54
11 132 75
11 21 8
11 59 13
11 48 62
11 83 18
11 114 94
11 37 39
12 142 89
12 26 75
12 65 59
12 107 65
12 107 50
12 117 93
12 87 64
12 76 28
12 42 46
12 112 22
12 102 64
12 25 95
12 39 70
12 134 85
12 102 40
12 57 97
12 43 91
12 115 20
12 131 98
12 66 83
12 62 40
12 76 69
13 42 5
13 97 24
13 85 32
13 124 88
13 84 17
13 55 24
13 121 53
13 122 38
13 31 66
13 49 62
13 62 79
13 16 64
13 72 85
13 101 6
13 76 68
13 43 66
13 98 44
13 125 26
13 52 91
13 68 1
13 20 76
14 129 88
14 69 86
14 72 92
14 78 68
14 60 65
14 40 5
14 48 79
14 32 30
14 123 14
14 143 56
14 116 79
14 74 78
15 110 80
15 122 87
15 97 8
15 90 81
15 111 96
15 52 7
15 117 26
15 97 95
15 53 97
15 121 57
15 33 62
15 87 79
15 52 96
15 15 20
15 106 20
15 90 86
15 78 71
15 42 23
15 68 52
15 136 4
15 103 2
15 24 36
15 143 17
15 128 90
15 65 38
15 32 78
16 73 11
16 139 96
16 91 72
16 76 95
16 43 54
16 25 4
16 143 55
16 35 2
16 113 73
16 27 26
16 84 97
16 107 44
16 24 89
16 33 23
16 110 24
16 116 56
16 81 23
16 93 97
16 125 26
16 37 31
16 80 27
16 108 57
17 58 25
17 121 61
17 74 5
17 36 71
17 77 6
17 136 100
17 99 25
17 51 12
17 24 82
17 71 42
17 60 82
17 43 34
17 66 53
17 131 14
17 97 78
17 60 18
17 86 61
17 96 98
17 109 46
17 142 9
17 99 63
17 135 89
17 88 89
17 87 93
17 130 95
17 126 32
17 102 58
17 121 89
18 57 79
18 100 68
18 96 51
18 32 1
18 38 93
18 139 89
18 18 5
18 115 66
18 62 16
18 58 32
18 124 14
18 114 25
18 28 98
18 21 24
18 23 33
18 73 81
18 22 2
18 50 44
18 44 92
18 116 51
18 29 37
18 68 35
19 113 86
19 24 67
19 27 28
19 26 30
19 120 41
19 82 41
19 69 17
19 36 89
19 51 76
19 86 12
19 64 77
19 92 84
19 132 90
19 47 50
19 67 63
19 44 92
20 71 82
20 84 26
20 31 86
20 87 41
20 31 38
20 120 24
20 125 7
20 95 63
20 31 69
20 58 80
20 23 72
20 22 24
20 141 90
20 54 47
20 47 57
20 129 93
20 131 9
20 62 85
20 131 97
20 78 70
21 74 86
21 88 4
21 53 94
21 141 77
21 142 12
21 133 30
21 94 73
21 56 42
21 45 66
21 22 62
21 83 5
21 86 11
21 97 13
21 128 55
21 91 43
21 79 79
22 141 57
22 138 36
22 104 86
22 111 92
22 91 87
22 99 14
22 85 42
22 143 8
22 118 12
22 76 21
22 30 76
22 105 31
23 47 92
23 28 57
23 118 44
23 106 76
23 33 15
23 32 54
23 63 20
23 132 71
23 45 19
23 125 58
23 64 31
23 78 58
23 114 89
23 51 21
23 64 42
24 130 85
24 53 15
24 79 32
24 120 4
24 28 23
24 79 43
24 78 66
24 88 23
24 112 92
24 79 62
24 69 78
24 85 87
24 76 31
24 81 57
24 95 16
24 65 72
24 115 52
25 31 91
25 28 52
25 142 64
25 48 54
25 120 100
25 65 14
25 38 37
25 105 22
25 117 15
25 74 45
25 137 81
25 103 63
25 80 12
26 39 91
26 96 29
26 54 55
26 49 87
26 48 60
26 76 18
26 120 33
26 58 73
26 80 84
26 53 97
26 49 83
26 135 35
26 77 33
26 112 32
26 78 94
27 134 16
27 121 77
27 115 50
27 133 91
27 35 78
27 32 20
27 47 49
27 50 61
27 84 71
27 90 77
27 79 35
27 55 26
27 67 49
27 57 67
27 54 78
27 141 46
27 86 68
27 110 50
27 33 30
27 105 22
28 36 69
28 80 75
28 90 4
28 121 57
28 136 55
28 103 57
28 89 34
28 65 73
28 92 97
29 65 87
29 93 37
29 67 30
29 46 1
29 123 85
29 134 78
29 140 61
29 89 87
29 126 89
29 114 51
29 80 92
29 121 40
29 65 18
29 90 12
29 41 16
29 61 12
29 47 92
29 94 27
30 58 36
30 110 62
30 131 26
30 108 70
30 57 38
30 96 24
30 114 83
30 51 39
30 124 79
30 105 61
31 105 39
31 76 26
31 142 8
31 103 49
31 53 2
32 75 95
32 73 79
32 49 62
32 70 85
32 132 28
32 108 96
32 78 91
32 112 41
32 48 17
32 46 80
32 125 42
32 139 44
32 55 28
32 138 72
32 72 66
32 69 100
32 97 46
32 99 35
32 44 19
32 73 60
32 129 48
32 133 65
32 143 63
33 134 87
33 70 83
33 57 29
33 94 20
33 80 59
33 101 7
33 125 52
33 133 70
34 98 77
34 136 96
34 95 88
34 65 81
34 135 74
34 128 50
34 133 83
34 61 33
34 71 98
34 95 93
34 104 39
34 86 91
34 78 25
34 136 25
34 72 85
34 112 94
35 36 60
35 109 33
35 108 27
35 127 2
35 58 90
35 74 41
35 55 28
35 74 100
35 102 89
35 46 42
35 103 12
35 60 58
35 43 78
35 41 75
35 97 55
35 101 67
35 84 71
35 106 17
35 128 46
36 101 37
36 76 66
36 56 71
36 90 43
36 91 63
36 143 34
36 142 23
36 68 75
36 61 45
36 108 19
37 69 20
37 85 28
37 128 87
37 115 7
37 122 21
37 125 7
37 138 20
37 84 86
37 124 33
37 127 36
37 79 71
37 113 40
37 50 28
38 127 75
38 76 80
38 76 98
38 95 94
38 55 48
38 71 5
38 110 59
38 95 33
38 135 24
39 50 75
39 97 4
39 103 15
39 110 91
39 109 54
39 116 27
39 125 73
39 83 1
39 42 3
39 88 74
39 71 9
39 58 27
39 46 69
39 134 93
39 63 92
39 131 54
39 129 13
39 110 37
40 122 6
40 132 78
40 115 34
40 118 80
40 122 55
40 61 45
40 120 24
40 117 54
40 43 53
40 43 18
40 116 12
40 46 73
40 93 33
41 65 15
41 143 36
41 105 41
41 79 28
41 119 25
41 88 82
41 65 16
41 64 9
41 99 31
41 80 39
41 124 29
41 56 85
41 65 42
42 47 28
42 78 77
42 77 43
42 76 82
42 128 80
42 120 81
42 80 77
42 61 42
42 71 26
42 106 44
42 57 73
42 100 50
43 62 42
43 50 25
43 80 17
43 71 51
43 66 56
43 138 34
43 58 14
43 110 59
43 47 34
43 106 41
43 76 86
43 122 36
43 63 19
43 76 6
43 48 38
44 112 66
44 103 65
44 92 29
44 56 73
44 53 10
44 84 84
44 113 82
44 130 5
44 125 28
44 111 44
44 125 58
44 128 1
44 134 24
45 142 80
45 46 30
45 81 36
45 61 82
45 133 81
45 143 31
45 89 49
45 88 97
45 137 24
45 102 21
45 86 13
45 75 39
45 142 48
46 119 5
46 69 100
46 84 2
46 73 47
46 83 61
46 52 65
46 132 88
46 130 42
46 119 29
46 88 49
46 80 24
46 121 52
46 141 93
47 62 27
47 137 5
47 128 43
47 101 18
47 128 80
47 64 81
47 129 41
47 116 6
47 52 82
47 67 64
47 58 43
47 60 48
47 124 12
47 84 63
47 91 75
48 140 20
48 122 72
48 105 89
48 59 61
48 68 85
48 102 95
48 82 5
48 76 64
48 140 18
49 140 37
49 74 86
49 72 20
49 139 92
49 138 49
49 67 93
49 55 1
49 82 80
49 114 97
49 94 66
49 60 64
49 76 47
49 50 87
49 51 24
49 124 23
50 76 18
50 80 62
50 92 14
50 88 4
50 122 38
50 139 47
50 107 3
50 86 32
50 72 32
50 72 44
50 136 76
50 139 66
50 82 96
50 125 84
50 70 100
50 114 86
50 80 98
50 110 45
51 129 67
51 114 26
51 77 81
51 82 40
51 130 29
51 119 48
51 106 68
51 65 53
51 103 66
51 113 37
51 89 41
51 58 74
51 121 90
51 55 31
51 83 2
51 94 59
52 127 91
52 56 68
52 117 37
52 80 7
52 101 39
52 54 51
52 89 6
52 98 46
52 103 32
52 139 81
52 56 81
52 84 41
53 124 21
53 137 67
53 124 49
53 85 27
53 103 90
53 133 52
53 78 22
53 106 18
53 138 62
53 85 54
53 108 30
53 67 49
53 141 36
53 90 93
54 126 78
54 62 4
54 111 87
54 77 8
54 124 69
54 141 89
54 119 46
54 61 30
55 97 86
55 77 26
55 104 44
55 82 65
55 67 45
55 142 93
55 56 71
55 109 7
55 122 5
55 58 87
55 73 68
55 140 74
55 72 7
55 119 77
55 69 4
55 92 19
55 102 8
55 70 94
55 117 45
56 117 62
56 131 38
56 128 100
56 123 54
56 135 43
56 96 100
56 141 11
56 57 57
56 57 6
56 97 33
56 63 38
56 60 67
56 132 6
57 73 25
57 76 84
57 80 59
57 120 20
57 58 43
57 112 68
57 126 26
57 98 85
57 69 98
57 118 4
57 65 38
57 113 19
57 101 52
57 124 63
57 138 26
57 85 64
57 98 76
57 140 94
57 60 52
57 81 59
58 127 31
58 119 41
58 72 18
58 110 99
58 109 28
58 119 10
58 58 14
58 96 57
58 143 4
58 123 30
59 97 54
59 123 7
59 130 13
59 143 34
59 75 65
59 111 33
60 127 85
60 107 65
60 79 82
60 78 6
60 73 68
60 102 76
60 119 48
60 130 99
60 119 100
60 104 33
60 98 15
60 72 51
61 120 100
61 128 22
61 74 67
61 119 78
61 99 68
61 132 53
61 82 99
61 80 39
61 71 26
61 66 14
61 123 73
61 64 100
61 79 23
61 98 62
61 62 5
61 70 36
61 142 67
62 129 66
62 73 81
62 95 28
62 87 84
62 73 22
62 108 73
62 112 12
62 112 41
62 99 44
62 133 66
62 113 53
62 94 83
62 106 18
62 96 94
62 85 50
63 98 60
63 98 6
63 137 95
63 105 97
63 95 57
63 131 15
63 68 73
63 120 77
63 73 40
64 95 23
64 90 53
64 98 33
64 70 6
64 124 7
64 104 54
64 83 20
64 131 27
64 142 61
64 66 33
64 83 41
64 103 67
64 116 37
65 78 20
65 142 88
65 72 5
65 125 22
65 105 71
65 68 73
65 74 16
65 68 92
66 102 64
66 110 91
66 83 24
66 95 55
66 100 81
66 107 49
66 76 13
66 118 31
66 131 18
66 114 71
67 99 72
67 143 90
67 87 61
67 118 92
67 138 14
67 85 18
67 136 31
67 97 27
67 101 96
68 88 98
68 76 93
68 84 90
68 73 99
68 104 50
68 75 100
68 92 52
68 130 2
68 139 10
68 126 41
68 122 46
68 133 6
68 135 66
68 141 35
68 83 71
68 93 14
69 119 13
69 93 67
69 92 27
69 90 20
69 102 57
69 111 93
69 130 53
69 125 82
69 102 42
70 108 78
70 119 25
70 103 95
70 91 44
70 127 37
70 126 66
70 72 25
70 101 77
70 110 11
70 118 95
70 70 28
70 102 54
70 123 36
71 99 33
71 111 87
71 118 8
71 119 50
71 75 22
71 76 86
71 75 67
71 120 70
71 118 5
72 105 95
72 88 24
72 89 23
72 74 18
72 120 25
72 123 9
72 110 44
72 87 96
72 101 16
72 101 9
72 136 94
73 83 100
73 100 7
73 107 5
73 108 36
73 102 11
73 96 4
73 75 80
73 114 29
74 83 90
74 135 78
74 122 84
74 93 60
74 115 90
74 114 87
75 133 24
75 77 82
75 131 93
75 83 83
75 123 54
75 141 51
75 135 49
75 118 56
76 93 38
76 104 56
76 131 26
76 130 47
76 110 23
76 116 68
76 96 53
77 85 38
77 97 63
77 103 77
77 127 81
77 98 12
78 85 29
78 97 84
78 89 76
79 105 83
79 118 76
79 100 5
79 83 51
80 109 13
80 114 64
80 139 24
80 85 7
80 94 19
80 91 97
80 112 97
80 142 44
80 86 49
80 122 75
80 138 80
80 129 28
80 95 7
80 98 11
81 82 60
81 133 42
81 138 33
82 119 24
82 112 57
82 125 53
82 101 51
82 119 60
82 128 52
82 97 69
83 110 49
83 94 65
83 94 46
83 114 14
83 101 17
83 116 23
83 93 70
83 104 84
83 113 39
83 93 35
83 100 68
84 125 42
84 97 76
84 99 16
84 91 24
84 142 83
84 95 61
84 119 88
84 86 64
84 127 63
84 109 65
84 103 83
84 101 24
85 109 44
85 119 77
85 136 29
85 114 7
85 102 8
85 129 38
85 95 56
86 119 93
86 87 19
86 143 10
86 88 43
86 141 27
86 133 99
86 93 90
86 133 58
86 113 8
86 137 14
86 141 20
86 92 70
87 116 15
87 113 80
87 126 51
87 114 60
87 130 8
88 109 87
88 96 60
88 105 76
88 133 8
88 130 15
88 139 91
88 127 97
88 142 27
88 109 68
88 131 70
89 140 37
89 133 49
89 142 51
89 134 13
89 116 3
89 115 61
89 129 7
90 139 18
90 111 61
90 92 16
90 113 42
90 131 74
90 95 91
91 99 87
91 117 86
91 106 58
91 111 10
92 137 39
92 102 44
92 107 24
92 132 4
92 118 52
92 131 2
92 97 8
93 113 29
93 138 74
93 134 5
93 132 86
93 103 79
93 102 31
94 105 24
94 96 84
94 110 87
94 110 62
94 139 1
94 123 6
94 143 99
94 140 48
94 103 83
95 114 15
95 132 45
95 119 4
95 124 45
95 104 37
96 109 22
96 128 59
96 121 74
97 98 78
97 101 40
97 133 99
97 125 14
97 122 49
97 141 54
97 123 40
97 135 44
97 99 7
97 136 40
98 129 24
98 122 29
98 133 12
98 126 92
98 98 55
98 112 67
99 124 40
99 109 56
99 109 75
99 101 18
99 116 6
100 120 8
100 108 19
100 142 29
100 105 48
100 127 40
100 141 50
100 111 46
100 112 88
100 125 87
101 142 96
101 142 76
101 102 52
101 125 98
101 108 10
102 125 3
102 117 45
102 134 10
102 125 29
102 109 77
102 138 23
102 125 64
103 131 69
103 111 96
103 133 88
103 139 53
103 116 95
104 124 54
104 126 19
104 107 87
105 106 16
105 141 41
105 135 92
105 134 84
105 141 98
105 122 30
105 137 29
105 121 14
105 124 5
106 116 87
106 143 23
106 119 44
106 126 36
106 123 82
106 141 30
106 130 73
107 131 77
107 110 72
107 132 11
107 120 91
107 115 85
108 113 51
108 120 92
108 121 78
108 142 2
108 131 24
108 109 4
109 128 6
109 121 16
109 140 75
109 138 43
109 133 73
110 111 40
110 134 82
110 140 30
110 132 94
110 128 77
110 139 25
111 131 71
111 141 80
111 117 21
112 143 84
112 134 44
113 129 16
113 130 32
113 137 18
114 129 91
114 138 49
114 138 65
114 114 28
115 123 73
115 121 39
115 121 16
115 117 16
115 136 90
116 136 6
116 123 94
116 131 35
117 128 23
117 135 36
117 125 78
118 143 17
118 138 60
118 120 53
119 136 63
119 124 96
120 139 81
120 138 53
120 132 37
121 142 73
122 130 38
122 125 77
123 134 65
123 143 1
123 139 93
124 130 87
125 135 80
125 135 51
125 142 39
125 136 68
126 143 37
126 136 89
126 128 47
127 137 4
127 132 65
128 139 22
128 136 18
128 129 95
128 141 92
128 136 97
128 134 12
128 139 96
129 138 10
131 142 62
131 133 48
131 140 18
132 140 3
134 140 92
135 137 32
135 138 16
135 140 12
135 140 22
135 140 76
136 139 24
137 137 97
139 140 21
143 143 11
